       1        0.34722139        0.77801924
       2        0.73385293        1.84569788
       3        0.37080536        0.77875892
       4        0.65954660        1.81541806
       5        0.40879020        0.82029304
       6        0.62969813        1.62385275
       7        0.36611806        0.68393504
       8        0.63160727        1.77531217
       9        0.65450557        1.72930007
      10        0.31780046        0.80475878
      11        0.65079133        1.82724273
      12        0.36666598        0.79455289
      13        0.61438561        1.77460843
      14        0.34199434        0.73095237
      15        0.66742633        1.73344370
      16        0.35263264        0.80657264
      17        0.29238066        0.82624018
      18        0.66088566        1.79564896
      19        0.44328503        0.78018187
      20        0.61181605        1.85282470
      21        0.38330554        0.69356412
      22        0.63078780        1.73641433
      23        0.30804896        0.81874462
      24        0.69066423        1.80245913
      25        0.60276430        1.76950698
      26        0.36253397        0.73398747
      27        0.61678030        1.73283338
      28        0.35387209        0.81818629
      29        0.71606189        1.71224929
      30        0.27963230        0.71017572
      31        0.72723227        1.81607855
      32        0.29018168        0.60340955
      33        0.27454006        0.76325375
      34        0.68863143        1.69858388
      35        0.35688640        0.73658257
      36        0.67445336        1.66195004
      37        0.39410532        0.62470352
      38        0.65066388        1.65639005
      39        0.25693972        0.67123494
      40        0.70485570        1.76408892
      41        0.57871023        1.73212400
      42        0.40478018        0.77197549
      43        0.68252780        1.82757652
      44        0.33917981        0.71108841
      45        0.67527844        1.68126659
      46        0.33762344        0.64960961
      47        0.65335500        1.77562920
      48        0.36289812        0.66340646
      49        0.42582232        0.84403228
      50        0.59909923        1.80458776
      51        0.47920964        0.77141998
      52        0.56481597        1.74747031
      53        0.36431917        0.76214335
      54        0.74634449        1.73576196
      55        0.39109555        0.78653836
      56        0.60028641        1.82681016
      57        0.70794510        1.79321411
      58        0.35705115        0.79326505
      59        0.54252296        1.75044708
      60        0.38130587        0.73019984
      61        0.71364882        1.79320432
      62        0.39266327        0.72603209
      63        0.59236179        1.77639517
      64        0.31543774        0.79650354
