       1        0.31269294        0.79031242
       2        0.69905342        1.69619514
       3        0.38803244        0.75540130
       4        0.62492633        1.71481016
       5        0.30637671        0.70167108
       6        0.64747319        1.72724276
       7        0.27754661        0.77679415
       8        0.71720180        1.84850485
       9        0.66947059        1.77571879
      10        0.34661747        0.78026269
      11        0.63904759        1.74576344
      12        0.36591777        0.74509306
      13        0.73625128        1.72538629
      14        0.36808001        0.77967055
      15        0.71282312        1.70716497
      16        0.28889985        0.77271294
      17        0.25687669        0.77480239
      18        0.66056475        1.71834241
      19        0.40952459        0.81349543
      20        0.60288437        1.79811727
      21        0.31413050        0.67745874
      22        0.66807879        1.74946262
      23        0.37793187        0.77591029
      24        0.69891143        1.77107810
      25        0.66406752        1.77401885
      26        0.35709954        0.78703028
      27        0.60303019        1.85260404
      28        0.32246156        0.70489549
      29        0.59690157        1.77512417
      30        0.36904699        0.86395600
      31        0.63036176        1.81951604
      32        0.33373022        0.71522984
      33        0.35066017        0.78691047
      34        0.66620951        1.81223408
      35        0.29951893        0.74248473
      36        0.69294883        1.76821228
      37        0.24971397        0.75302233
      38        0.71214945        1.73996663
      39        0.35998711        0.70108067
      40        0.60303170        1.76272672
      41        0.61917717        1.81286295
      42        0.35678030        0.80004715
      43        0.73869273        1.82449885
      44        0.30838555        0.81682802
      45        0.64619511        1.86357172
      46        0.39919003        0.83241089
      47        0.71086397        1.75536291
      48        0.35093888        0.73408948
      49        0.36410618        0.75473801
      50        0.69346082        1.76789279
      51        0.31840731        0.76146966
      52        0.74089084        1.86878085
      53        0.41460039        0.86393600
      54        0.66478944        1.76532148
      55        0.32451263        0.73439215
      56        0.76664904        1.80532281
      57        0.63547121        1.73128681
      58        0.35598770        0.81288084
      59        0.68253162        1.79316382
      60        0.33583674        0.83373401
      61        0.60598142        1.80859345
      62        0.33002909        0.71545554
      63        0.66103070        1.76178335
      64        0.34520169        0.78285626
