       1        0.34263523        0.89989317
       2        0.66005633        1.93490898
       3        0.40914365        0.90864504
       4        0.55288816        0.02188897
       5        0.44446695        0.84962577
       6        0.64163652        0.04428816
       7        0.40103911        0.90693059
       8        0.61034605        1.94997970
       9        0.58615114        1.92916904
      10        0.33315163        0.84319536
      11        0.54988396        1.91377376
      12        0.42129088        0.91602424
      13        0.67172643        1.91372596
      14        0.37666923        1.02699228
      15        0.67184150        1.98897846
      16        0.39765649        0.87904801
      17        0.38931101        1.00401280
      18        0.58477871        1.99277540
      19        0.42654110        0.92875080
      20        0.60952353        1.91523167
      21        0.33765233        1.00230776
      22        0.65393437        1.94113378
      23        0.28349137        1.05944966
      24        0.62118410        0.01811906
      25        0.54578020        1.94237567
      26        0.36311003        0.94231922
      27        0.62322235        0.00858251
      28        0.35056902        0.93916565
      29        0.65048010        1.86092692
      30        0.35630151        0.99592982
      31        0.59321282        0.02875414
      32        0.35710590        0.94899656
      33        0.36079984        1.00251099
      34        0.63908882        1.93385433
      35        0.46296646        0.95853194
      36        0.62734293        1.96288046
      37        0.32699088        0.87301434
      38        0.68434969        1.90088184
      39        0.32994297        0.98026753
      40        0.72569343        1.96885764
      41        0.64780764        1.88688623
      42        0.44273229        0.95835578
      43        0.59983424        1.94963322
      44        0.46746398        1.01151685
      45        0.63249590        1.93559662
      46        0.30995328        0.95698459
      47        0.68757650        1.96428425
      48        0.25308328        0.89523035
      49        0.34291419        0.96767704
      50        0.65607686        1.84204070
      51        0.29973578        0.96709860
      52        0.64929616        1.94259424
      53        0.30619256        1.00862975
      54        0.69687613        1.85869164
      55        0.37269616        0.91419928
      56        0.66394833        1.81115869
      57        0.63849263        1.85308003
      58        0.40542716        0.86387159
      59        0.62564727        1.93649836
      60        0.38151205        0.89243071
      61        0.63199315        1.91512080
      62        0.38229607        0.88638866
      63        0.48291165        1.89314473
      64        0.35645454        0.89436854
