       1        0.30004827        0.95178888
       2        0.62743372        0.13762599
       3        0.39603418        1.06347044
       4        0.61846503        0.06839307
       5        0.32743218        1.16541568
       6        0.68724171        0.13538744
       7        0.39876587        1.04655177
       8        0.68895710        0.11858809
       9        0.68667235        0.19988726
      10        0.34222285        1.16134484
      11        0.65619061        0.06861352
      12        0.32600044        1.12137525
      13        0.56173959        0.02860798
      14        0.34049739        1.09176746
      15        0.66136557        0.17122932
      16        0.35448777        1.20752910
      17        0.40437835        1.09092426
      18        0.60177242        0.15586148
      19        0.40443590        1.06982913
      20        0.73656696        0.08958548
      21        0.28727395        1.08789950
      22        0.71674433        0.08248502
      23        0.35857009        1.15434365
      24        0.59663634        0.16226972
      25        0.70534873        0.06819395
      26        0.36843669        1.06705388
      27        0.67654221        0.17454046
      28        0.32490861        1.12864696
      29        0.65821019        0.14568023
      30        0.36615214        1.07047915
      31        0.61528227        0.11923698
      32        0.39145395        1.06534613
      33        0.32807651        1.03830705
      34        0.69346552        1.95331132
      35        0.33855864        1.00145958
      36        0.72915573        0.14661947
      37        0.28325618        1.08051758
      38        0.64608448        0.06232252
      39        0.39817250        1.05154498
      40        0.61797646        0.12584818
      41        0.63605184        0.03714183
      42        0.42979823        1.02725500
      43        0.68562900        0.12244540
      44        0.34959874        1.10267305
      45        0.66406918        0.09180478
      46        0.31973080        1.11658140
      47        0.60388643        0.15797638
      48        0.40894679        1.08239854
      49        0.39985069        1.02204611
      50        0.63296688        0.07829548
      51        0.34464046        1.10872379
      52        0.64017891        0.15138430
      53        0.36383711        1.10247066
      54        0.70849165        0.14462384
      55        0.35768434        1.02061319
      56        0.60597065        0.15523348
      57        0.61309216        0.14481272
      58        0.37787251        1.21147296
      59        0.63808812        0.16943143
      60        0.35364307        1.07481342
      61        0.64855285        0.13335528
      62        0.31757071        1.20395462
      63        0.67661029        0.13566539
      64        0.49483428        1.15744324
