       1        0.46381583        0.98420649
       2        0.53827634        0.08991271
       3        0.37236201        1.14326866
       4        0.57751789        0.20445092
       5        0.36790231        1.06623546
       6        0.62354170        0.11333886
       7        0.31560676        1.13827246
       8        0.58450154        0.05729131
       9        0.61128589        0.03027998
      10        0.36198099        1.06787981
      11        0.65322144        0.14370747
      12        0.40714570        1.05164513
      13        0.60247522        0.05405278
      14        0.35214562        1.03642378
      15        0.73086619        0.02170893
      16        0.40374838        1.10443245
      17        0.22379618        1.05588714
      18        0.56164997        0.07486849
      19        0.37623892        1.19513406
      20        0.65683437        0.01268764
      21        0.30476920        1.20977650
      22        0.69628365        0.10678644
      23        0.30722258        1.06683247
      24        0.74178461        0.00175092
      25        0.63692372        0.00736285
      26        0.34162485        1.02923695
      27        0.71342543        0.09885116
      28        0.28372205        1.05676616
      29        0.63876835        0.08028348
      30        0.34287497        1.04893042
      31        0.64167744        0.06422984
      32        0.32307604        1.12412470
      33        0.39159999        1.01976051
      34        0.68910216        0.13075586
      35        0.26230743        1.10755450
      36        0.73008315        0.02500756
      37        0.26560406        1.00268792
      38        0.70519574        0.00764521
      39        0.30237673        1.00669869
      40        0.61385452        0.04323080
      41        0.66381339        0.06948745
      42        0.33627721        0.99510464
      43        0.68992779        0.07735063
      44        0.37931088        1.02011085
      45        0.72408548        1.92217363
      46        0.35685227        0.97973876
      47        0.66102508        0.04941711
      48        0.31941244        1.05901303
      49        0.40573612        1.10031420
      50        0.65397249        0.00754003
      51        0.31688087        1.00231994
      52        0.68567115        0.10884154
      53        0.27114492        1.06008862
      54        0.67912755        0.00326403
      55        0.28639966        0.98744399
      56        0.65650676        0.04462613
      57        0.55294759        0.04364985
      58        0.41530710        1.04602083
      59        0.59667393        0.06014871
      60        0.27728581        1.07833726
      61        0.59896510        1.94793948
      62        0.32401366        1.06422120
      63        0.65751235        0.08954969
      64        0.35671623        1.10859777
