       1        0.40753959        0.75698612
       2        0.54753989        1.81533615
       3        0.26874204        0.74688145
       4        0.63723154        1.71737298
       5        0.32754408        0.78090377
       6        0.71357148        1.80822911
       7        0.38129227        0.74533114
       8        0.62110407        1.72551042
       9        0.68785041        1.71774610
      10        0.25968003        0.83722634
      11        0.75029104        1.79513386
      12        0.32029720        0.81011788
      13        0.68891299        1.93786041
      14        0.28861072        0.80055703
      15        0.70530424        1.72078761
      16        0.29639688        0.73427565
      17        0.30953702        0.84126664
      18        0.68261750        1.80288161
      19        0.29935574        0.75072775
      20        0.61885950        1.79406021
      21        0.32490861        0.78286131
      22        0.67469060        1.71737304
      23        0.37102297        0.75456466
      24        0.69180777        1.79215919
      25        0.71911951        1.89924313
      26        0.28231769        0.82229055
      27        0.69393656        1.88993560
      28        0.29801988        0.76623683
      29        0.66525046        1.86727908
      30        0.39488900        0.78941579
      31        0.63666663        1.76064567
      32        0.35876094        0.80198224
      33        0.36975492        0.81704863
      34        0.61713884        1.81420983
      35        0.29301310        0.82865029
      36        0.67306898        1.88023381
      37        0.31093169        0.79144678
      38        0.62046771        1.72560877
      39        0.27745610        0.74803191
      40        0.60685640        1.86264219
      41        0.69597094        1.81254646
      42        0.32883982        0.73747884
      43        0.70812133        1.72944577
      44        0.34012881        0.84304809
      45        0.66635333        1.69807514
      46        0.36948469        0.69577226
      47        0.62937661        1.78795628
      48        0.36163959        0.79754863
      49        0.37587604        0.76894460
      50        0.68757086        1.76552727
      51        0.22845732        0.73943297
      52        0.67601360        1.75548991
      53        0.28572992        0.76164791
      54        0.62751557        1.72194703
      55        0.41540435        0.74565276
      56        0.63078630        1.77134314
      57        0.52982322        1.74723668
      58        0.38668907        0.87912348
      59        0.68420458        1.84583245
      60        0.25165799        0.73993553
      61        0.59631463        1.71817452
      62        0.35293986        0.83737438
      63        0.59221492        1.78146125
      64        0.37563939        0.70812838
