       1        0.35418375        0.97643776
       2        0.70103355        1.94404491
       3        0.34589116        0.93964847
       4        0.68895904        1.89348606
       5        0.28881819        0.99566086
       6        0.70325634        1.84833840
       7        0.32200198        0.95143512
       8        0.68945736        1.96728783
       9        0.62330740        1.92338288
      10        0.27288913        0.98387210
      11        0.65808125        1.95030814
      12        0.34921758        0.91296918
      13        0.61450087        0.01291431
      14        0.33824252        1.01370235
      15        0.55892010        1.94338726
      16        0.32590880        0.95271579
      17        0.38046304        0.92852333
      18        0.66617823        0.01533869
      19        0.27012102        0.96932630
      20        0.70265285        1.88287948
      21        0.27505490        0.87557013
      22        0.71408233        1.97077234
      23        0.39495366        0.98812632
      24        0.63309894        0.00857472
      25        0.67873704        1.91297839
      26        0.27714989        0.93093831
      27        0.68587147        1.82146469
      28        0.26121421        0.81795021
      29        0.71603383        1.82709488
      30        0.24864968        0.85890897
      31        0.66211661        1.95710070
      32        0.33686930        0.93414578
      33        0.33194946        0.81636349
      34        0.67557167        0.03118011
      35        0.35830289        0.87413157
      36        0.73378560        1.88338096
      37        0.32601889        0.95770872
      38        0.69513992        1.92273371
      39        0.37730503        0.91169267
      40        0.66970638        1.90718559
      41        0.60999367        1.94000923
      42        0.38483710        0.92883649
      43        0.62093093        1.95489566
      44        0.28300454        0.87500270
      45        0.70704423        1.90695815
      46        0.33059268        0.96329504
      47        0.70037018        1.89048481
      48        0.36591349        0.85982894
      49        0.34292751        0.91317943
      50        0.72322341        1.94545936
      51        0.31985599        1.03085346
      52        0.64934989        1.95850044
      53        0.34479921        0.92366674
      54        0.67221340        1.92275889
      55        0.33185252        1.03741542
      56        0.66858537        1.92696381
      57        0.68364677        1.86557257
      58        0.30297967        0.99400239
      59        0.64705291        1.90071869
      60        0.39853992        1.03170534
      61        0.60467827        1.86275879
      62        0.33963747        0.85947476
      63        0.68871603        1.93032810
      64        0.35326950        0.86461850
