       1        0.24814389        0.77918482
       2        0.66313151        1.66047618
       3        0.34603673        0.87389158
       4        0.60933828        1.74693492
       5        0.37412645        0.74839505
       6        0.74015835        1.72814330
       7        0.35753693        0.73258413
       8        0.70134307        1.73134243
       9        0.62852054        1.87176730
      10        0.34690183        0.76397970
      11        0.65614570        1.78065851
      12        0.34250460        0.69082632
      13        0.59754300        1.74932737
      14        0.35846018        0.76171563
      15        0.63612528        1.79403686
      16        0.33810652        0.80826918
      17        0.39729377        0.82073038
      18        0.61592271        1.75503622
      19        0.33626075        0.71065283
      20        0.69914892        1.84513488
      21        0.42809554        0.82202357
      22        0.61056403        1.81462404
      23        0.40770114        0.87027297
      24        0.64437395        1.81716630
      25        0.66352852        1.94586054
      26        0.43187224        0.78615727
      27        0.67318997        1.81342783
      28        0.35785403        0.81728505
      29        0.55916187        1.81675033
      30        0.39173875        0.72228804
      31        0.58160294        1.74208595
      32        0.42578727        0.86995036
      33        0.29955212        0.81344002
      34        0.61539751        1.85661009
      35        0.35122654        0.80626017
      36        0.69556385        1.78847155
      37        0.38318438        0.80387384
      38        0.61360765        1.70856584
      39        0.34213981        0.69267491
      40        0.64469222        1.72956429
      41        0.68672692        1.81111064
      42        0.40660840        0.88348812
      43        0.69540494        1.80418944
      44        0.27978045        0.74725521
      45        0.60261143        1.81896902
      46        0.37176122        0.79021275
      47        0.69899760        1.78416372
      48        0.23938843        0.69236371
      49        0.30593801        0.70818050
      50        0.68562381        1.92444623
      51        0.29910821        0.92547028
      52        0.72391099        1.77487153
      53        0.37014075        0.83175992
      54        0.61479306        1.78145342
      55        0.30375007        0.80206661
      56        0.75662229        1.62653487
      57        0.79131646        1.74031651
      58        0.28113643        0.81096946
      59        0.65941511        1.82352161
      60        0.30768823        0.84231537
      61        0.63527807        1.89819588
      62        0.36922305        0.82157785
      63        0.70095195        1.67385333
      64        0.31594028        0.63021145
