       1        0.28667824        0.80517509
       2        0.71460408        1.79326473
       3        0.39601026        0.80359157
       4        0.57434352        1.70065968
       5        0.31761653        0.81190569
       6        0.63375608        1.96364910
       7        0.38800550        0.94656831
       8        0.67641641        1.88381795
       9        0.73951141        1.99736313
      10        0.23787246        0.80088898
      11        0.64764274        1.92765662
      12        0.39027963        0.82303039
      13        0.52571952        1.90526758
      14        0.40045661        0.86540010
      15        0.68533016        1.95632166
      16        0.33262690        0.82414063
      17        0.30070597        0.83579577
      18        0.66044222        1.90154282
      19        0.27929853        0.90503238
      20        0.64513946        1.80755995
      21        0.39618293        0.76269169
      22        0.62530000        1.83894150
      23        0.31147274        0.86340891
      24        0.70041630        1.75851073
      25        0.63373445        1.88966674
      26        0.33641544        0.87454110
      27        0.68359748        1.81925545
      28        0.32871452        0.83651078
      29        0.60956922        1.82838180
      30        0.36191637        0.86167334
      31        0.63909185        1.92462405
      32        0.34672202        0.86800688
      33        0.36716286        0.77434414
      34        0.71481924        1.80735106
      35        0.36246297        0.93764155
      36        0.74240550        1.90673892
      37        0.32580202        0.82761461
      38        0.57073810        1.88978840
      39        0.36264760        0.78807200
      40        0.64513480        1.79108512
      41        0.66538930        1.82338806
      42        0.25095696        0.69076813
      43        0.69545582        1.83312889
      44        0.27648095        0.84108514
      45        0.67865711        1.77907023
      46        0.29552285        0.86658638
      47        0.61912201        1.81629783
      48        0.22658319        0.76500393
      49        0.34544802        0.77184366
      50        0.71733108        1.74472667
      51        0.31136077        0.83616084
      52        0.72741840        1.80456186
      53        0.34092758        0.68895514
      54        0.64602322        1.81098824
      55        0.41360844        0.85307069
      56        0.68566973        1.78361468
      57        0.74556252        1.79564837
      58        0.32554508        0.81493369
      59        0.70229941        1.72729255
      60        0.35922308        0.73443120
      61        0.63861194        1.87155897
      62        0.29781155        0.81706683
      63        0.67129127        1.86943460
      64        0.24495165        0.87373936
