       1        0.40543306        0.89242979
       2        0.64632590        1.95777851
       3        0.39071392        0.84327276
       4        0.67498179        1.89704182
       5        0.34758374        0.86555492
       6        0.65860290        1.87715966
       7        0.34230501        0.93706863
       8        0.59306543        1.87920189
       9        0.57625310        0.04428899
      10        0.38596800        1.02963435
      11        0.57999846        1.95363846
      12        0.42411708        1.01032307
      13        0.58012611        0.00699823
      14        0.41305436        1.01014361
      15        0.64992985        1.97681130
      16        0.32551002        0.88543815
      17        0.37966757        1.02135868
      18        0.60757724        0.07572003
      19        0.42852696        1.02007871
      20        0.63230869        1.90965904
      21        0.37440778        0.97317465
      22        0.71577738        0.04500682
      23        0.36146891        0.94726640
      24        0.67702469        1.88889282
      25        0.65463057        1.98082969
      26        0.39215170        0.94937464
      27        0.74769842        1.89717706
      28        0.33702966        0.96425403
      29        0.57402028        1.95872821
      30        0.37359776        1.01691827
      31        0.62202190        0.02435568
      32        0.37766944        1.03884004
      33        0.40577294        0.95151023
      34        0.63884968        1.90215037
      35        0.27325157        1.01637700
      36        0.71239521        1.96207627
      37        0.28519143        0.93688647
      38        0.64792503        0.01766871
      39        0.28218390        0.92189347
      40        0.71120391        1.96658667
      41        0.53943066        0.01882626
      42        0.35569428        0.86371184
      43        0.69211700        1.99458669
      44        0.40495198        0.91159973
      45        0.64703439        1.99743372
      46        0.29934440        0.98868080
      47        0.72526390        0.01441069
      48        0.31359853        1.05378031
      49        0.34424561        0.90732746
      50        0.56113787        0.00365545
      51        0.30953639        1.00926934
      52        0.62530971        1.97825082
      53        0.34151852        0.96032562
      54        0.66168883        1.95987920
      55        0.36259426        1.05422855
      56        0.60978811        1.93666075
      57        0.66135771        0.00772323
      58        0.43491458        0.97464420
      59        0.67715538        1.94137430
      60        0.25451230        0.91679565
      61        0.65447000        1.91428665
      62        0.42300716        0.90715879
      63        0.68352188        1.95514975
      64        0.40382889        0.92687887
