       1        0.39409366        1.01936910
       2        0.59563721        0.01633138
       3        0.36429176        1.17835319
       4        0.61768168        0.12315246
       5        0.29653992        1.13607092
       6        0.73062473        1.98895585
       7        0.40178294        1.04359188
       8        0.66685036        0.00240207
       9        0.72138043        0.08948073
      10        0.31529436        1.19351534
      11        0.64179324        0.03438440
      12        0.43865968        1.04144468
      13        0.64933803        0.16282781
      14        0.36212760        1.04252565
      15        0.69610886        0.02399924
      16        0.24838429        0.94764296
      17        0.34133952        1.03996990
      18        0.66229220        0.13828678
      19        0.28051378        1.09916653
      20        0.64072609        0.11187629
      21        0.31989609        1.13751016
      22        0.65471431        0.12963669
      23        0.37913728        1.00677099
      24        0.57672165        1.96812109
      25        0.64678070        0.03469467
      26        0.38945077        1.02720442
      27        0.67624638        0.01211818
      28        0.28860295        1.13182029
      29        0.66955956        0.10548992
      30        0.31705870        1.04894736
      31        0.74423151        0.00510855
      32        0.29060681        0.95843892
      33        0.38813571        1.06948437
      34        0.65087537        0.12609788
      35        0.33066830        1.13267767
      36        0.67737105        0.15935067
      37        0.40220260        1.14333238
      38        0.65533053        0.09731238
      39        0.29148491        1.06666208
      40        0.72397381        0.07078142
      41        0.80237958        1.96664711
      42        0.28235285        1.04664426
      43        0.65144762        0.07343421
      44        0.32329248        1.05794562
      45        0.58262712        0.11554485
      46        0.34547590        1.08993024
      47        0.64943270        0.05781882
      48        0.29705488        1.07253496
      49        0.30698154        0.92540536
      50        0.63825076        0.04847898
      51        0.40188276        1.03045402
      52        0.60767842        0.11702073
      53        0.36564639        1.13368103
      54        0.56242936        0.03510514
      55        0.24999990        1.04277469
      56        0.65670059        0.01679361
      57        0.64677503        1.92986159
      58        0.44004731        1.08193122
      59        0.58959187        0.07193628
      60        0.42758644        1.04020332
      61        0.65521146        0.08441309
      62        0.34502455        0.97219209
      63        0.74180693        0.09209125
      64        0.33006546        0.99992673
