       1        0.36399876        0.85220921
       2        0.64076499        1.86742426
       3        0.33370567        0.84626871
       4        0.68875557        1.77156487
       5        0.40148399        0.85046672
       6        0.73382625        1.84242908
       7        0.32720353        0.82920455
       8        0.57556801        1.81812988
       9        0.65882634        1.93280641
      10        0.27302437        0.85656980
      11        0.59245253        1.93726015
      12        0.35770101        0.78723610
      13        0.66700858        1.78479779
      14        0.36103042        0.89025501
      15        0.69442786        1.89559287
      16        0.39673147        0.86402425
      17        0.28922490        0.85237999
      18        0.67914009        1.86498714
      19        0.38470184        1.00299494
      20        0.70213715        1.88759440
      21        0.25267112        0.88861374
      22        0.65438135        1.73462023
      23        0.34468391        0.87422272
      24        0.63584860        1.88459817
      25        0.75904540        1.91702606
      26        0.36840378        0.97207263
      27        0.71286241        1.88341281
      28        0.23440931        0.80406365
      29        0.64121628        1.83764185
      30        0.23780856        0.88506937
      31        0.73688429        1.94803372
      32        0.26805944        0.95170441
      33        0.22639738        0.90424915
      34        0.67521708        1.90279764
      35        0.35745133        0.78470353
      36        0.65018145        1.77042210
      37        0.34718494        0.86140891
      38        0.71681117        1.85293357
      39        0.25664034        0.89539018
      40        0.71398705        1.99822293
      41        0.66408126        1.93817646
      42        0.31801203        0.92313938
      43        0.62829763        1.82040576
      44        0.40953225        0.79816922
      45        0.72478423        1.79016966
      46        0.31244744        0.80538180
      47        0.66184660        1.98151914
      48        0.25751606        0.95486863
      49        0.33486820        0.80453854
      50        0.72036184        1.74935593
      51        0.44862676        0.76944404
      52        0.58467715        1.82572331
      53        0.36196819        0.85381422
      54        0.66879320        1.75598122
      55        0.32593228        0.88596433
      56        0.63893133        1.88740904
      57        0.65894734        1.86978195
      58        0.36719118        0.78803179
      59        0.65722070        1.82625418
      60        0.37948995        0.75222656
      61        0.62154631        1.77674338
      62        0.36808733        0.78032011
      63        0.67780256        1.77846358
      64        0.35139481        0.83847516
