       1        0.40438706        0.77297347
       2        0.74271454        1.75749961
       3        0.34734378        0.78003848
       4        0.71020647        1.78926402
       5        0.37284207        0.69804909
       6        0.59411242        1.69203160
       7        0.35212027        0.78765342
       8        0.66748671        1.74693453
       9        0.66495516        1.76406703
      10        0.29612169        0.74381156
      11        0.62763604        1.78104599
      12        0.29053571        0.75782894
      13        0.61904467        1.74970864
      14        0.37384154        0.77296924
      15        0.62320245        1.73646146
      16        0.29373043        0.82078622
      17        0.25619496        0.82148326
      18        0.73826594        1.83835204
      19        0.30335415        0.78246698
      20        0.74205566        1.82632312
      21        0.31403732        0.73767044
      22        0.63167425        1.76125174
      23        0.31657771        0.79935527
      24        0.75266218        1.86027971
      25        0.70565063        1.78495966
      26        0.27679122        0.81641395
      27        0.64721757        1.83534698
      28        0.35096719        0.84782741
      29        0.60172486        1.79834067
      30        0.35263846        0.71833480
      31        0.68141002        1.80516880
      32        0.28535769        0.81846796
      33        0.21565650        0.81742609
      34        0.68906809        1.81233502
      35        0.35213169        0.85080633
      36        0.59071654        1.91011825
      37        0.33370478        0.78042974
      38        0.66435013        1.79109949
      39        0.27848280        0.90806416
      40        0.68438686        1.86202547
      41        0.71037709        1.84597617
      42        0.32518287        0.87405509
      43        0.67509515        1.99807319
      44        0.34646369        0.90842774
      45        0.68689270        1.82625248
      46        0.29359445        0.90683553
      47        0.74248981        1.93569232
      48        0.38601031        0.93218777
      49        0.22112845        0.85985788
      50        0.64971155        1.81172913
      51        0.32997337        0.83446108
      52        0.81739540        1.81072289
      53        0.33684272        0.80006480
      54        0.67659647        1.82727486
      55        0.42340273        0.79871647
      56        0.65809505        1.79455894
      57        0.65843459        1.87500030
      58        0.43048292        0.81772384
      59        0.62738994        1.76583820
      60        0.22712998        0.80384783
      61        0.65628870        1.80879373
      62        0.34339855        0.71031062
      63        0.63102176        1.73504622
      64        0.31414919        0.76074329
