       1        0.20852641        0.84715179
       2        0.68588557        1.77443194
       3        0.25712679        0.77271981
       4        0.76000932        1.88232418
       5        0.27143828        0.84760869
       6        0.72580697        1.85142228
       7        0.29527495        0.85895220
       8        0.72448653        1.80558107
       9        0.78615261        1.76076448
      10        0.25997991        0.91606821
      11        0.70139773        1.81421016
      12        0.30536485        0.98952496
      13        0.72141855        1.91050107
      14        0.19709095        0.83165042
      15        0.80104162        1.77955060
      16        0.32084650        0.80780612
      17        0.23047305        0.79453373
      18        0.74103457        1.74126291
      19        0.31397194        0.88691166
      20        0.71727645        0.00805647
      21        0.33041296        0.83449580
      22        0.75373723        1.78483799
      23        0.27160152        0.72049707
      24        0.78993151        1.86132241
      25        0.65603212        1.81593980
      26        0.37302780        0.90960395
      27        0.65159209        1.89639746
      28        0.34912508        0.89799316
      29        0.53064724        1.82882159
      30        0.24565404        0.87275344
      31        0.67507982        1.84710112
      32        0.32384291        0.74595304
      33        0.33115367        0.79074878
      34        0.62084658        0.00698969
      35        0.36769400        0.88901271
      36        0.59575102        1.74870132
      37        0.28722574        0.92049693
      38        0.65731390        1.83532060
      39        0.24824002        0.77003177
      40        0.73865094        1.66655697
      41        0.64503141        1.81347252
      42        0.37719205        0.83610177
      43        0.70096602        1.89710297
      44        0.41502367        0.89790950
      45        0.63887926        1.85705670
      46        0.35303685        0.83222086
      47        0.77287275        1.74607136
      48        0.29679319        0.73543510
      49        0.29716621        0.85387680
      50        0.73218879        1.86104833
      51        0.31304572        0.92210866
      52        0.73926980        1.91247273
      53        0.30884049        0.85093302
      54        0.76300453        1.82271733
      55        0.28713862        0.69921468
      56        0.69769483        1.78661419
      57        0.68871744        1.85923972
      58        0.33197973        0.95126777
      59        0.75211961        1.78597825
      60        0.31060087        0.71191080
      61        0.74198922        1.80908848
      62        0.25067526        0.84211548
      63        0.72133427        1.82015952
      64        0.29949776        0.80191044
