       1        0.23360606        0.83663536
       2        0.71175893        1.80422171
       3        0.28643642        0.83855285
       4        0.74040136        1.80986528
       5        0.37100581        0.70607359
       6        0.65505804        1.83276046
       7        0.32842826        0.79764030
       8        0.77630834        1.85727637
       9        0.73957375        1.88178188
      10        0.20886166        0.76894761
      11        0.74181956        1.87550655
      12        0.33316329        0.94402673
      13        0.81257816        1.75478157
      14        0.32422997        0.75922347
      15        0.76358753        1.82707276
      16        0.27452031        0.89315312
      17        0.29827717        0.82629608
      18        0.69075635        1.81482087
      19        0.30855738        0.82804455
      20        0.66755079        1.85247050
      21        0.24522775        0.83980362
      22        0.64908968        1.78148014
      23        0.28981687        0.85474734
      24        0.65769505        1.86087126
      25        0.69412036        1.77242256
      26        0.28692952        0.89518838
      27        0.72682891        1.90050035
      28        0.30434843        0.92555239
      29        0.73705671        1.85991627
      30        0.32619337        0.86363938
      31        0.75992701        1.84545697
      32        0.35396703        0.86174585
      33        0.36718052        0.89881398
      34        0.63912733        1.84932676
      35        0.33114426        0.88705195
      36        0.62356296        1.82968223
      37        0.34377769        0.77421007
      38        0.70160427        1.80628360
      39        0.29023072        0.80233141
      40        0.68707209        1.85798301
      41        0.64673524        1.88628576
      42        0.35333894        0.93896945
      43        0.74054396        1.83357726
      44        0.33241805        0.76916242
      45        0.67999970        1.75346771
      46        0.33165081        0.78109960
      47        0.70368460        1.86628428
      48        0.34985346        0.84188370
      49        0.27410368        0.91561490
      50        0.70399530        1.81004246
      51        0.33048384        0.78065877
      52        0.73136016        1.64316183
      53        0.26610704        0.80128088
      54        0.66007711        1.70335334
      55        0.33130983        0.78551291
      56        0.67445687        1.78350116
      57        0.76037995        1.76530825
      58        0.35384157        0.76749112
      59        0.72824397        1.85754213
      60        0.30190414        0.74834593
      61        0.62496693        1.80265936
      62        0.33486055        0.77881258
      63        0.65057798        1.81419248
      64        0.32185649        0.83911295
