       1        0.43998447        0.87106731
       2        0.61781542        1.87680216
       3        0.29194374        0.94195666
       4        0.76782248        1.89111661
       5        0.37375420        0.91328845
       6        0.59709047        1.85187926
       7        0.38595564        0.93435723
       8        0.67926499        1.82576188
       9        0.68072889        1.82321963
      10        0.33743284        0.89501868
      11        0.71096112        1.87626012
      12        0.21762756        0.95394351
      13        0.74917709        1.88921186
      14        0.42190203        0.92250780
      15        0.59178448        1.93699278
      16        0.42724260        0.90045017
      17        0.44352759        0.84013495
      18        0.59477971        1.91438755
      19        0.37046042        0.97979578
      20        0.73807142        1.97284924
      21        0.31673535        0.97016444
      22        0.66054296        1.93301674
      23        0.35749987        0.90309915
      24        0.63166635        1.85945592
      25        0.66239566        1.89673888
      26        0.38281759        0.95566636
      27        0.67741583        1.95669491
      28        0.32134374        0.98512530
      29        0.75141295        1.97945128
      30        0.20592380        0.95123116
      31        0.67961461        1.86141391
      32        0.32283476        0.86272043
      33        0.43154775        0.94938193
      34        0.63565001        1.89224830
      35        0.32809525        1.05969780
      36        0.64447768        0.01805557
      37        0.38793286        0.88807215
      38        0.66073001        1.98840503
      39        0.33693231        1.02986765
      40        0.60330691        1.89059219
      41        0.64683667        1.95679181
      42        0.36682112        0.85733944
      43        0.65040341        1.97250200
      44        0.37595995        0.93421980
      45        0.62406617        1.97113383
      46        0.37971675        1.00367276
      47        0.55699835        0.05374007
      48        0.34582254        0.86899897
      49        0.44677353        0.99189757
      50        0.58056719        1.94437513
      51        0.33090879        0.92760422
      52        0.70379776        1.94101586
      53        0.34022491        0.97326770
      54        0.65266623        1.99060823
      55        0.33334476        0.94075984
      56        0.61353482        1.92330726
      57        0.61002074        1.96380024
      58        0.46256429        0.91257874
      59        0.64951255        1.88382224
      60        0.30664386        0.92535913
      61        0.55662358        1.95534895
      62        0.37829390        0.90108860
      63        0.61600935        1.90263316
      64        0.43758806        0.96109210
