       1        0.32239817        1.16536557
       2        0.65809133        0.06570530
       3        0.34295761        1.08199891
       4        0.62247535        0.16177926
       5        0.31962635        1.19698798
       6        0.76107866        0.08663029
       7        0.28168889        1.07332492
       8        0.61816246        1.99079061
       9        0.71562820        0.05428193
      10        0.26950566        1.08229929
      11        0.68636749        0.04050373
      12        0.41021494        1.13367919
      13        0.64695197        0.16941187
      14        0.28456409        1.13775059
      15        0.68612810        0.10294148
      16        0.29204332        1.03648182
      17        0.21471691        1.12058407
      18        0.73023286        1.95345985
      19        0.32348462        1.11339767
      20        0.64562168        0.06497794
      21        0.38387902        0.97150814
      22        0.63237169        1.96811279
      23        0.28311634        1.12670983
      24        0.77724833        0.06229587
      25        0.79676274        1.96060872
      26        0.29229045        1.13795469
      27        0.70839360        0.07945634
      28        0.37336372        1.06972123
      29        0.71653788        0.11298665
      30        0.32599305        1.11017780
      31        0.72055110        0.03693190
      32        0.30091860        1.02319646
      33        0.26100538        1.10037924
      34        0.68450342        0.20250591
      35        0.33309716        1.07217165
      36        0.65232152        0.14358940
      37        0.34537860        1.15303958
      38        0.61957656        0.09725178
      39        0.33585844        1.14283555
      40        0.67800217        0.06436664
      41        0.58940393        0.15097553
      42        0.34501211        1.24513117
      43        0.61593885        0.18657261
      44        0.37756131        1.10040523
      45        0.76040555        1.94814237
      46        0.34736630        1.03809411
      47        0.70266965        0.12922643
      48        0.27520613        1.16422436
      49        0.30708947        1.21839927
      50        0.65924655        0.18377262
      51        0.39736701        1.22366700
      52        0.70988810        0.04476064
      53        0.24216744        1.08168938
      54        0.69601226        0.17660709
      55        0.30583711        1.06237981
      56        0.67620759        0.05273196
      57        0.68136650        0.18644962
      58        0.32396679        1.20310459
      59        0.72006700        0.26586512
      60        0.37058840        1.15862061
      61        0.70566335        0.12717094
      62        0.32744804        1.16824812
      63        0.73114312        0.16951113
      64        0.28923874        1.04327252
