       1        0.38834860        0.99032111
       2        0.63103606        1.98751667
       3        0.41840121        0.95577150
       4        0.59988644        1.93992973
       5        0.38831406        0.96114073
       6        0.65758229        0.01270903
       7        0.41130109        0.98947557
       8        0.59062678        1.96073193
       9        0.62652132        1.92785775
      10        0.41325876        0.96321183
      11        0.56104171        1.93850645
      12        0.43555248        0.95931711
      13        0.65595004        0.02531298
      14        0.45788620        1.05745971
      15        0.59905088        0.08535878
      16        0.34041873        0.94008821
      17        0.38728040        0.95818871
      18        0.57700096        1.91431609
      19        0.35743369        0.97213139
      20        0.60771574        1.97597757
      21        0.32478753        1.03359278
      22        0.68033557        1.87008153
      23        0.48685031        0.99281642
      24        0.61669346        1.96330678
      25        0.58696582        1.88752366
      26        0.36477050        0.96250394
      27        0.67525258        1.94189786
      28        0.42028713        0.91919368
      29        0.57242386        1.92914895
      30        0.29020616        1.00559685
      31        0.69067386        1.90192412
      32        0.33477549        0.92147310
      33        0.41712014        0.97212490
      34        0.66906828        1.92809466
      35        0.38317517        0.92261990
      36        0.64760507        1.91224792
      37        0.35970482        0.98934067
      38        0.66751101        1.84125999
      39        0.37516137        0.81471983
      40        0.62592391        1.90744617
      41        0.52309068        1.87253326
      42        0.33096438        0.93794772
      43        0.62756953        1.92069551
      44        0.34313188        0.86964027
      45        0.69031600        1.83167313
      46        0.42848790        0.83380927
      47        0.64231196        1.85634424
      48        0.36753211        0.91077947
      49        0.36910091        0.92004496
      50        0.62144409        1.97216934
      51        0.39073968        0.99219753
      52        0.64574692        1.99520212
      53        0.36395874        0.94866172
      54        0.65539547        1.94475068
      55        0.46021140        0.94098777
      56        0.61178672        1.90840083
      57        0.66305437        1.97897756
      58        0.38398499        1.01131986
      59        0.64577968        1.95182171
      60        0.42768905        0.96598128
      61        0.60700819        1.99447227
      62        0.46598723        1.00370988
      63        0.54354751        1.92176948
      64        0.41883150        0.90274239
