       1        0.40212608        1.01208083
       2        0.56198125        0.07079296
       3        0.28471938        1.09779385
       4        0.61697245        0.05008005
       5        0.31951373        1.05062993
       6        0.53453216        0.04871915
       7        0.44667335        1.03032785
       8        0.68523451        0.04573445
       9        0.63743914        0.09988349
      10        0.35787877        1.14907746
      11        0.71015432        0.06384354
      12        0.26438955        1.10473179
      13        0.67921259        0.12680401
      14        0.45969491        1.08207517
      15        0.60985141        0.01307596
      16        0.34672782        1.07830327
      17        0.44794167        1.03913721
      18        0.64669213        0.05822629
      19        0.32272301        1.01519299
      20        0.71908111        0.10243226
      21        0.32208203        1.10877441
      22        0.62886611        0.25002805
      23        0.42722663        1.05809714
      24        0.65881631        0.03447512
      25        0.67343933        0.03420105
      26        0.35341791        1.09889337
      27        0.67143136        0.09750391
      28        0.32695810        1.01519548
      29        0.67132814        0.09968972
      30        0.43323223        1.13330396
      31        0.76659881        0.13668710
      32        0.24863860        1.02387849
      33        0.29650340        0.98488026
      34        0.68645485        1.96057764
      35        0.35167275        1.09813279
      36        0.62506154        0.09410458
      37        0.32257262        1.05195150
      38        0.60346527        1.94342744
      39        0.33745221        0.95759637
      40        0.75797864        1.99689878
      41        0.69429038        0.08023562
      42        0.37740965        1.00227956
      43        0.64842804        0.10390735
      44        0.37063701        1.10250746
      45        0.61667156        1.99993590
      46        0.32327747        1.09354687
      47        0.71374903        0.00606590
      48        0.29122321        1.02024520
      49        0.39492301        1.04561026
      50        0.59477161        1.98132626
      51        0.29477617        1.05628983
      52        0.61243472        0.04917276
      53        0.37618637        1.07828217
      54        0.59138217        1.93947969
      55        0.36130991        1.08252216
      56        0.63537604        1.99565678
      57        0.56297059        0.04212513
      58        0.36247126        1.01966960
      59        0.66885548        0.03791261
      60        0.34500948        1.08996288
      61        0.62484371        0.07817137
      62        0.49762137        0.94872138
      63        0.61663378        0.04838378
      64        0.33944401        1.10689935
