       1        0.39222592        0.94430771
       2        0.60585231        0.05707290
       3        0.41811021        1.05747923
       4        0.58946604        0.12103061
       5        0.42163098        1.12522044
       6        0.57928455        0.02865557
       7        0.33042037        1.00609850
       8        0.64916537        1.95860828
       9        0.60247269        0.06284312
      10        0.37095250        1.08109359
      11        0.64034519        0.12834162
      12        0.37995992        1.07859257
      13        0.67465949        0.15005526
      14        0.38503537        1.03920492
      15        0.71867126        0.06458828
      16        0.33173826        1.01811494
      17        0.35067175        1.07490999
      18        0.63263037        1.94288261
      19        0.41411647        1.10308965
      20        0.57431815        0.02799710
      21        0.36150033        1.06424470
      22        0.60555220        0.08525675
      23        0.34560787        0.95281381
      24        0.74498068        0.07322785
      25        0.70049221        1.95415027
      26        0.31818469        0.90934668
      27        0.58229612        0.10986829
      28        0.38604669        1.14136352
      29        0.66622815        0.03444712
      30        0.45301126        1.08175207
      31        0.73993092        0.08598240
      32        0.39134302        1.03284838
      33        0.29998281        0.90934384
      34        0.64154768        1.96969164
      35        0.44289025        1.03423908
      36        0.56974859        0.06821947
      37        0.34927050        1.05749484
      38        0.66621626        0.10520990
      39        0.34981838        1.04382073
      40        0.71783870        1.95752661
      41        0.61814739        1.89193894
      42        0.39539141        0.84944828
      43        0.64669230        1.97036910
      44        0.38661260        1.02722217
      45        0.65735951        0.07198011
      46        0.39061602        0.98066454
      47        0.69485210        1.89385978
      48        0.37062617        0.89606050
      49        0.43983704        0.97448572
      50        0.66801338        1.93179228
      51        0.37349976        0.97225036
      52        0.58472803        0.05011528
      53        0.38796788        0.96978325
      54        0.70494324        1.98720190
      55        0.29325394        0.85410720
      56        0.63253192        1.95169721
      57        0.63502370        1.93761846
      58        0.35831353        0.98966290
      59        0.65828880        1.98582159
      60        0.42445781        1.08762985
      61        0.56438321        1.98877326
      62        0.36662788        0.94397834
      63        0.59694430        1.95096571
      64        0.35172819        1.01541172
