       1        0.28667824        0.80517509
       2        0.71460408        1.79326473
       3        0.39601026        0.80359157
       4        0.57434352        1.70065968
       5        0.31761653        0.81190569
       6        0.63375608        1.96364910
       7        0.38800550        0.94656831
       8        0.67641641        1.88381795
       9        0.73951141        1.99736313
      10        0.23787246        0.80088898
      11        0.64764274        1.92765662
      12        0.39027963        0.82303039
      13        0.52571952        1.90526758
      14        0.40045661        0.86540010
      15        0.68533016        1.95632166
      16        0.33262690        0.82414063
      17        0.30070597        0.83579577
      18        0.66044222        1.90154282
      19        0.27929853        0.90503238
      20        0.64513946        1.80755995
      21        0.39618293        0.76269169
      22        0.62530000        1.83894150
      23        0.31147274        0.86340891
      24        0.70041630        1.75851073
      25        0.63373445        1.88966674
      26        0.33641544        0.87454110
      27        0.68359748        1.81925545
      28        0.32871452        0.83651078
      29        0.60956922        1.82838180
      30        0.36191637        0.86167334
      31        0.63909185        1.92462405
      32        0.34672202        0.86800688
      33        0.36716286        0.77434414
      34        0.71481924        1.80735106
      35        0.36246297        0.93764155
      36        0.74240550        1.90673892
      37        0.32580202        0.82761461
      38        0.57073810        1.88978840
      39        0.36264760        0.78807200
      40        0.64513480        1.79108512
