       1        0.28667824        0.80517509
       2        0.71460408        1.79326473
       3        0.39601026        0.80359157
       4        0.57434352        1.70065968
       5        0.31761653        0.81190569
       6        0.63375608        1.96364910
       7        0.38800550        0.94656831
       8        0.67641641        1.88381795
       9        0.73951141        1.99736313
      10        0.23787246        0.80088898
      11        0.64764274        1.92765662
      12        0.39027963        0.82303039
      13        0.52571952        1.90526758
      14        0.40045661        0.86540010
      15        0.68533016        1.95632166
      16        0.33262690        0.82414063
      17        0.30070597        0.83579577
      18        0.66044222        1.90154282
      19        0.27929853        0.90503238
      20        0.64513946        1.80755995
